landuse,rubber
inefficiency_alpha,3.445
inefficiency_lambda,0.093
depriciation_rate_young,-0.05
depriciation_rate_old,0.05
depriciation_rate_switch,15
max_age,30
yield_function,[a -> lut_function_yield_rubber a]
carbon_function,[a -> lut_function_carbon_rubber a]
prices,[665.787944314888 544.865375425579 613.944041120976 577.0023174037 615.129950471288 663.496376467378 797.197164341474 533.563038149382 458.68220550788 392.400422582767 298.131276554886 526.28823465237 663.153923044254 565.904415495109 501.226735651861 610.19640851335 712.812014212774 728.16542362174 595.901997781367 569.230599974318 581.034856387498 565.346203539105 531.180334028499 587.587448169738 589.048225213429 583.023449960237 625.096779120897 592.653896771418 484.64336411319 605.968294037805 591.066355626294 631.224877825586 884.16719087514 936.637614644357 654.512915685208 602.774267993099 740.932755108926 752.006046564483 933.101772020388 1371.90328075367 1808.85769119747 1629.15688644945 1838.98675502302 2626.96972480799 2443.47520985508 2491.60596481523 2282.71247961093 1719.31165609573 2274.9612184572 2319.15002892459 2290.1999304773 2340.48774220165]
