landuse,rubber
inefficiency_alpha,3.445
inefficiency_lambda,0.093
depriciation_rate_young,-0.05
depriciation_rate_old,0.05
depriciation_rate_switch,15
max_age,30
yield_function,[a -> lut_function_yield_rubber a]
carbon_function,[a -> lut_function_carbon_rubber a]
prices,[697.397689798421 502.448568203439 580.416382317529 572.34962756681 556.065559534405 597.689417845578 531.48838653057 428.549730479533 426.52635041915 622.200948656029 708.62496046528 569.081136047298 404.725811263171 325.057720138806 295.300911430129 263.595415577599 263.851862539024 201.970649572891 179.994275894008 165.359237224932 206.747119000122 247.226294671819 284.118925245534 361.447279501873 394.35631575846 488.384720548995 508.802559310607 548.412831625363 421.24920584777 475.702157283897 522.751091081698 670.675780158687 792.002101946936 826.013985500709 731.313675606149 781.112963972866 787.400321002752 699.009467752696 615.116946211095 512.230118423766 359.026687386651 347.846252143002 370.244495966056 294.659719171745 312.792478723294 336.533382411072 448.887528925903 371.004013186067 306.469719669423 284.918365885201 333.726869454667 331.743592372405]
