landuse,oilpalm
inefficiency_alpha,3.168
inefficiency_lambda,0.069
depriciation_rate_young,-0.1
depriciation_rate_old,0.1
depriciation_rate_switch,10
max_age,25
yield_function,[a -> lut_function_yield_oilpalm a]
carbon_function,[a -> lut_function_carbon_oilpalm a]
prices,[21.962539885281 22.0840818406775 18.7269476664433 16.9558290967129 13.3537235121011 13.3378964856618 11.3876211591821 11.5439237453422 8.55480527212078 7.50047672017941 6.8254956898076 8.43906219147494 7.65735386812171 7.28568893582208 8.715418641711 11.3066089973773 13.187213650279 13.3675832303744 13.4307074141908 10.1480465785718 12.1785905674617 16.9327426440789 16.9439260086206 24.724574964301 30.4258188159714 25.6256747391929 32.1210560694206 43.0589834072029 73.3234684251398 71.8974236092923 59.4248266735551 66.8512069640193 60.3656974104047 47.5156679148096 36.4769618306309 37.1959382262769 33.4872921019868 29.1014700660779 28.5348533775132 24.7015545972423 24.1959709292497 26.8823241743132 24.348116244278 33.7738404517885 35.6291609857678 41.1275788008236 64.1489866615815 61.7897568642138 78.7482070102118 81.6994338102723 73.1189573713166 94.9804374717086]
