landuse,rubber
inefficiency_alpha,3.445
inefficiency_lambda,0.093
depriciation_rate_young,-0.05
depriciation_rate_old,0.05
depriciation_rate_switch,15
max_age,30
yield_function,[a -> lut_function_yield_rubber a]
carbon_function,[a -> lut_function_carbon_rubber a]
prices,[849.301609854112 792.225565788637 972.684520287615 854.590983732932 995.683258165941 1054.76562410048 1164.94607330863 1469.73774530925 1637.531841103 1655.17321470719 1500.79764414616 1125.24013683273 970.672747756072 700.592698519938 637.540557933392 596.509128025311 653.554980634092 833.443177900152 964.181902680944 814.935320858848 818.101826817008 730.049883049482 835.574005774848 1248.78483127962 1490.23296471531 1151.54064840373 1118.4205992105 1530.42824076909 1998.92408914024 2491.86678300699 2579.06183327583 2812.25991256606 2311.1593454051 2208.53257317907 2693.2180432678 2887.41517621883 3142.70226200404 3045.56969149365 3419.38245130132 2686.98759116422 2820.77920086557 2627.83112577363 3781.43553862911 5403.36201955335 5386.39104927646 5179.404089475 4332.77926242261 5087.01843439483 6701.1644183276 6882.15841023778 6586.67901559603 9168.05598542915]
