landuse,oilpalm
inefficiency_alpha,3.168
inefficiency_lambda,0.069
depriciation_rate_young,-0.1
depriciation_rate_old,0.1
depriciation_rate_switch,10
max_age,25
yield_function,[a -> lut_function_yield_oilpalm a]
carbon_function,[a -> lut_function_carbon_oilpalm a]
prices,[24.7959714414396 32.8247197485099 33.9237801788401 30.5106588787114 20.4012984028703 17.8886452267212 16.2668709439144 16.9431752637503 19.1194218883791 18.1389962093383 13.7845975940854 11.4425342231587 12.4078428174359 11.4532064320778 12.039067509185 12.4742941582117 11.0371252105789 9.51825527984458 7.53352768353363 6.01752551814935 6.35157947075363 9.11236543797157 14.2585006905927 17.719984312634 11.3049070748903 9.71862625918303 12.9504008199246 11.9692845260749 13.8764544728243 13.0802602103644 12.2100203363284 12.295419702329 11.2660225296627 6.75018224680728 4.33408739789131 3.87272238257891 2.6409155680693 2.78791126764815 2.66990365983485 1.87837759138493 3.15701746272849 3.61845095849134 3.61909643601902 3.17698983354692 2.47129493002071 2.02027794156488 1.96344474052746 1.76963746005741 1.42012831202182 1.20686010844737 0.915051705079625 0.819561025486948]
