landuse,rubber
inefficiency_alpha,3.445
inefficiency_lambda,0.093
depriciation_rate_young,-0.05
depriciation_rate_old,0.05
depriciation_rate_switch,15
max_age,30
yield_function,[a -> lut_function_yield_rubber a]
carbon_function,[a -> lut_function_carbon_rubber a]
prices,[911.735063450128 837.922601568711 678.84067788679 618.316404570602 675.664850117967 952.530486768435 1028.33042831848 1182.32915896273 894.488819660676 1252.48237111104 1305.6676186395 1196.21785554153 917.064076287542 981.468811716506 1345.08930199014 1506.85067693683 1558.91359996839 1425.60786133697 1143.17297052462 1045.44382358438 1101.60492660155 835.585105128017 735.678905555853 662.560761085563 648.019293380403 674.3552118573 611.119550975026 505.999271719138 378.328719180541 289.489103339018 310.397404332024 384.984402636094 341.7337608483 327.480877369894 301.695026131856 255.252331297321 251.956869747005 210.738430680531 215.042579334439 193.369559362332 207.31017970031 217.090115923127 223.799566328277 217.808365973054 234.057980949648 261.915598319943 264.904837868209 305.507866404811 328.5724370795 325.212748785233 358.598250033602 429.829024596506]
