landuse,oilpalm
inefficiency_alpha,3.168
inefficiency_lambda,0.069
depriciation_rate_young,-0.1
depriciation_rate_old,0.1
depriciation_rate_switch,10
max_age,25
yield_function,[a -> lut_function_yield_oilpalm a]
carbon_function,[a -> lut_function_carbon_oilpalm a]
prices,[19.293385230537 16.1306045630043 15.9014087850785 18.4601979425898 21.0259741650599 23.0280389869603 25.8985533180112 27.8946866853098 40.3090361414024 35.9417187437744 35.1396121506956 29.9507096792592 38.4120254324642 38.1091701788415 41.2885689905995 55.3415629429273 52.3391117104391 58.106733617417 49.4038658697303 54.9066137959828 52.34291830358 58.5825899935389 87.6525257887298 101.564108968173 149.762444900576 126.46439262024 93.4585921371917 85.5355737910482 74.0508652174127 96.9772068005331 91.1282644659481 99.434213258158 91.3298237484367 84.1615000289637 87.3519061594487 81.8065079550845 57.8585189275415 54.3298675545522 49.8267099576152 53.8899218314521 37.8800806582609 38.2021452316739 34.3364153619194 26.3342218230492 31.853208411989 38.4096194300105 35.2589584824082 29.7300726618235 21.6423694177127 17.1168679300119 15.9158258493669 10.8952251448137]
