landuse,oilpalm
inefficiency_alpha,3.168
inefficiency_lambda,0.069
depriciation_rate_young,-0.1
depriciation_rate_old,0.1
depriciation_rate_switch,10
max_age,25
yield_function,[a -> lut_function_yield_oilpalm a]
carbon_function,[a -> lut_function_carbon_oilpalm a]
prices,[24.6715335345382 22.0163616064232 17.514457490558 14.022837828753 14.7243515919957 13.4875459184658 10.4474015721372 12.5322085581827 11.7213669583817 10.5079758827736 9.62046297366097 11.2643569409084 10.0625084137 7.94767562983478 9.81609509892706 7.41080608900937 6.67615823721321 6.61520482111697 6.8456749735771 7.57250241690732 6.56233513019872 6.14565939089738 7.32022835033349 7.66590234432148 4.83311209795095 4.30264109834872 4.78759665778911 4.8261958632389 6.10385911563434 5.01020419486282 4.5705483952685 3.28911132479709 3.59601108842785 3.02518654429649 2.81896613347065 2.73359080854147 2.64117786965932 2.17455997002005 2.48511809336475 1.96494579930572 1.83408336624244 3.14738128469807 4.13897569775728 3.5408833456831 3.91906883164268 5.03023378914053 7.34534167175806 9.18295874246159 9.09994115061155 8.95100295067983 10.1664619232133 9.47589468224568]
