landuse,rubber
inefficiency_alpha,3.445
inefficiency_lambda,0.093
depriciation_rate_young,-0.05
depriciation_rate_old,0.05
depriciation_rate_switch,15
max_age,30
yield_function,[a -> lut_function_yield_rubber a]
carbon_function,[a -> lut_function_carbon_rubber a]
prices,[780.077341140634 582.480384684535 558.911420110265 416.263744955282 525.551108005633 712.668921064994 791.342523496599 830.596958566051 774.792787608196 786.455700300715 785.170784720855 837.245192871067 925.038035025244 970.944078329443 1109.48471545969 1086.40690523203 1276.41308833901 941.60537765185 1156.56816283298 1339.46462040119 1575.57417952446 2438.52532192308 3099.42400344425 3321.19659580467 4193.09522377345 4079.38239085723 4588.01185655254 4815.25318038101 4931.64496111076 3511.07659164264 3873.71742339727 4633.22189827733 3626.5595461138 2966.28178145852 2590.35702247392 2621.55083997309 2892.41445026345 3839.75703454929 3294.94973354594 3256.05521560738 3718.77682576555 3638.80038151732 3819.61326127639 3962.13866521419 3370.74091571895 3257.96592580423 3039.50991179814 3161.81543534824 2391.11179158158 2076.39741691757 1678.25801111882 1348.38822757109]
